     49      46
     49      47
     50      47
      1      47
      1      46
     50      46
     50      45
     49      45
     48      45
     47      45
     47      44
     46      44
     45      44
     45      43
     45      42
     46      42
     46      41
     46      40
     46      39
     46      38
     46      37
     45      37
     44      37
     44      36
     43      36
     43      35
     43      34
     43      33
     43      32
     43      31
     43      30
     43      29
     43      28
     43      27
     42      27
     41      27
     40      27
     40      28
     40      29
     40      30
     40      31
     40      32
