   1   -3
   2   -1
   3   -4
   4   -5
   5  -15
   6   -7
   7   -3
   8  -16
   9   -6
  10  -20
  11   -4
  12  -18
  13   -7
  14   -7
  15  -14
  16   -9
  17  -10
  18  -18
  19   -5
  20   -5
  21   -1
  22   -4
  23   -3
  24  -18
  25   -6
  26  -16
  27  -12
  28   -9
  29   -6
  30   -1
  31   -8
  32   -8
  33   -6
  34  -10
  35  -11
  36  -18
  37   -6
  38   -6
  39  -18
  40  -18
  41   -8
  42   -1
   1   -3
   2   -1
   3   -4
   4   -5
   5  -15
   6   -7
   7   -3
   8  -16
   9   -6
  10  -20
  11   -4
  12  -18
  13   -7
  14   -7
  15  -14
  16   -9
  17  -10
  18  -18
  19   -5
  20   -5
  21   -1
  22   -4
  23   -3
  24  -18
  25   -6
  26  -16
  27  -12
  28   -9
  29   -6
  30   -1
  31   -8
  32   -8
  33   -6
  34  -10
  35  -11
  36  -18
  37   -6
  38   -6
  39  -18
  40  -18
  41   -8
  42   -1
   1   -3
   2   -1
   3   -4
   4   -5
   5  -15
   6   -7
   7   -3
   8  -16
   9   -6
  10  -20
  11   -4
  12  -18
  13   -7
  14   -7
  15  -14
  16   -9
  17  -10
  18  -18
  19   -5
  20   -5
  21   -1
  22   -4
  23   -3
  24  -18
  25   -6
  26  -16
  27  -12
  28   -9
  29   -6
  30   -1
  31   -8
  32   -8
  33   -6
  34  -10
  35  -11
  36  -18
  37   -6
  38   -6
  39  -18
  40  -18
  41   -8
  42   -1
   1   -3
   2   -1
   3   -4
   4   -5
   5  -15
   6   -7
   7   -3
   8  -16
   9   -6
  10  -20
  11   -4
  12  -18
  13   -7
  14   -7
  15  -14
  16   -9
  17  -10
  18  -18
  19   -5
  20   -5
  21   -1
  22   -4
  23   -3
  24  -18
  25   -6
  26  -16
  27  -12
  28   -9
  29   -6
  30   -1
  31   -8
  32   -8
  33   -6
  34  -10
  35  -11
  36  -18
  37   -6
  38   -6
  39  -18
  40  -18
  41   -8
  42   -1
   1   -3
   2   -1
   3   -4
   4   -5
   5  -15
   6   -7
   7   -3
   8  -16
   9   -6
  10  -20
  11   -4
  12  -18
  13   -7
  14   -7
  15  -14
  16   -9
  17  -10
  18  -18
  19   -5
  20   -5
  21   -1
  22   -4
  23   -3
  24  -18
  25   -6
  26  -16
  27  -12
  28   -9
  29   -6
  30   -1
  31   -8
  32   -8
  33   -6
  34  -10
  35  -11
  36  -18
  37   -6
  38   -6
  39  -18
  40  -18
  41   -8
  42   -1
