0
-0.48
0
0
-0.48
-0.48
-0.48
0
-0.48
0
0
-0.48
-0.48
-0.48
-0.48
-0.48
-0.48
0
-0.48
-0.48

-0.26
0
0.24
0.52
0.06
-0.14
0.68
-0.44
0.28
-0.02
0.5
0.56
0.2
0.16
0.86
-0.12
-0.18
-0.2
-0.18
0.18

-2.12
0.06
1.38
-0.46
-0.16
-0.38
0.32
1.42
-0.16
0.38
0.26
0
0.1
0.48
-0.04
0.38
0.12
0.16
0.08

0.08
-0.3
0.78
-0.44
-0.78
1.18
-1.52
1.34
1.3
-0.6
0.08
-0.34
-1.44
-0.62
-0.58
1.16
0.48
0

-0.06
0.54
0.5
-0.9
0.7
-1.94
0.86
0.88
-0.64
-0.2
-0.34
-1.48
-0.52
0
0.68
0.58
-0.2

-0.88
-0.76
-0.32
-0.38
0.88
-0.6
-0.84
0.36
0.4
-0.58
0.82
0.58
0.62
-0.44
-0.32
0

-0.76
0.4
0.5
0.22
0.46
0.38
-0.28
-0.22
-0.12
-0.08
-0.32
-0.52
0.32
0.36
0.28

-0.58
0.98
0.44
0.32
1.98
-0.48
-0.42
-0.04
-0.24
-0.1
-0.38
0.38
-0.24
-0.68

-0.44
0.72
-0.82
-0.56
1.06
0.5
0.72
0.84
0.42
0.28
-0.5
0.04
0.22

0.5
0.38
0
-0.66
0.22
-0.76
1.5
-0.26
-0.18
0.88
0.44
-0.42

-0.54
-0.4
0.6
0.84
0.52
0.7
0.5
0.4
-0.58
-0.18
0.48

0.08
0.16
-0.68
0.92
0.62
0.28
0.38
-0.28
-1.34
-0.26

-1.06
-0.36
-0.5
-0.28
-0.28
-0.22
1
0.12
-0.4

0.52
-0.84
-0.76
0.02
-0.14
0.18
-0.56
-0.66

0.58
-1.04
-0.28
-0.28
0.48
0.16
-0.4

0.22
0.34
-0.7
0.6
-0.32
-0.5

-0.4
-0.16
0.36
0.68
0.18

0.06
0.5
0.44
0.26

-0.58
-0.14
0.04

-0.24
-0.08

-0.12

