       100   -0.2282024117E+04   -0.2130000000E+02    0.4086089415E+04   1685     20      4     12   2826     75     37     37
       200   -0.2298177603E+04   -0.2264000000E+02    0.4069706753E+04   1710     19      8     12   2779     68     37     43
       300   -0.2296919830E+04   -0.1976000000E+02    0.4063889598E+04   1720     18      3      8   2830     66     36     36
       400   -0.2308115490E+04   -0.2140000000E+02    0.4115956609E+04   1752     21      7     15   2758     78     37     37
       500   -0.2303494475E+04   -0.2026000000E+02    0.4032988195E+04   1699     19      5      9   2873     61     36     38
       600   -0.2309613213E+04   -0.2184000000E+02    0.4062908610E+04   1716     21      5     14   2784     73     37     39
       700   -0.2290259600E+04   -0.2174000000E+02    0.4096890637E+04   1708     21      1     13   2806     76     37     39
       800   -0.2290424106E+04   -0.2140000000E+02    0.4082650951E+04   1700     19      5     14   2811     69     37     37
       900   -0.2260338532E+04   -0.2140000000E+02    0.4052064715E+04   1624     20      3     12   2708     80     37     37
      1000   -0.2292357718E+04   -0.2140000000E+02    0.4050123350E+04   1665     21      3     16   2783     79     37     37
      1100   -0.2289771183E+04   -0.2198000000E+02    0.4085582074E+04   1712     18      5     12   2814     66     37     43
      1200   -0.2278431759E+04   -0.2198000000E+02    0.4067022462E+04   1677     18      5     14   2711     72     37     43
      1300   -0.2304472630E+04   -0.2192000000E+02    0.4111137390E+04   1756     21      2     11   2800     67     37     41
      1400   -0.2276410149E+04   -0.2140000000E+02    0.4099284286E+04   1689     19      7     13   2779     74     37     37
      1500   -0.2299932987E+04   -0.2192000000E+02    0.4080545469E+04   1722     20      3     11   2803     73     37     41
      1600   -0.2290560080E+04   -0.2192000000E+02    0.4052396431E+04   1678     19      7     12   2777     79     37     41
      1700   -0.2294889389E+04   -0.2146000000E+02    0.4088021616E+04   1714     21      2     12   2825     68     37     43
      1800   -0.2309864284E+04   -0.1988000000E+02    0.4112126518E+04   1756     20      3     14   2914     64     36     38
      1900   -0.2287908611E+04   -0.2236000000E+02    0.4073960372E+04   1686     21      7     11   2820     65     37     43
      2000   -0.2283456478E+04   -0.2120000000E+02    0.4126026978E+04   1725     19      8     13   2760     86     39     41
      2100   -0.2282452415E+04   -0.2138000000E+02    0.4100929682E+04   1736     15      2     11   2777     57     36     44
      2200   -0.2291969316E+04   -0.2216000000E+02    0.4066192526E+04   1696     21      4     11   2773     67     39     43
      2300   -0.2274954941E+04   -0.2164000000E+02    0.4046068013E+04   1662     15      3     12   2801     73     36     42
      2400   -0.2280117385E+04   -0.2076000000E+02    0.4051715908E+04   1664     19      2     14   2765     68     39     39
      2500   -0.2288724964E+04   -0.2270000000E+02    0.4111174999E+04   1723     18      2     13   2824     85     37     45
      2600   -0.2292061889E+04   -0.2122000000E+02    0.4071434998E+04   1707     17      4     11   2834     74     37     39
      2700   -0.2282562430E+04   -0.2188000000E+02    0.4056858714E+04   1663     19      9     12   2839     68     39     41
      2800   -0.2275072323E+04   -0.2250000000E+02    0.4026575693E+04   1632     18      4     13   2740     86     39     45
      2900   -0.2315074174E+04   -0.2206000000E+02    0.4083804896E+04   1754     19      5     10   2815     87     39     43
      3000   -0.2281409640E+04   -0.2270000000E+02    0.4068223716E+04   1693     16      4     13   2785     57     37     45
      3100   -0.2282207414E+04   -0.2196000000E+02    0.4066417864E+04   1677     19      7     10   2812     76     36     46
      3200   -0.2293868947E+04   -0.2250000000E+02    0.4087814011E+04   1713     18      3     18   2713     82     39     45
      3300   -0.2289245333E+04   -0.2198000000E+02    0.4077537644E+04   1688     21      6     13   2796     73     39     41
      3400   -0.2267372380E+04   -0.2276000000E+02    0.4053504549E+04   1643     17      9     12   2777     70     37     47
      3500   -0.2298275889E+04   -0.2198000000E+02    0.4046482138E+04   1663     21      3     17   2838     90     39     41
      3600   -0.2289811775E+04   -0.2232000000E+02    0.4059365964E+04   1675     19      3     16   2851     65     39     43
      3700   -0.2283384284E+04   -0.2222000000E+02    0.4037860700E+04   1646     20      5     11   2818     89     39     45
      3800   -0.2290120517E+04   -0.2218000000E+02    0.4056705557E+04   1688     18      5     11   2870     58     37     41
      3900   -0.2314986468E+04   -0.2270000000E+02    0.4069549493E+04   1759     20      5      9   2716     66     37     45
      4000   -0.2288378285E+04   -0.2232000000E+02    0.4080406684E+04   1681     20      5     15   2839     81     37     45
      4100   -0.2293815903E+04   -0.2236000000E+02    0.4035232274E+04   1660     20      6     16   2792     71     37     43
      4200   -0.2314360557E+04   -0.2184000000E+02    0.4106433141E+04   1751     19      6     18   2801     85     37     39
      4300   -0.2288857382E+04   -0.2132000000E+02    0.4103154621E+04   1711     21      7      9   2892     71     36     44
      4400   -0.2301449684E+04   -0.2184000000E+02    0.4086781288E+04   1707     21      5     14   2856     84     37     39
      4500   -0.2305378146E+04   -0.2184000000E+02    0.4113043600E+04   1742     20      7     16   2781     82     37     39
      4600   -0.2260584642E+04   -0.2184000000E+02    0.4100233956E+04   1655     21      5     14   2809     58     37     39
      4700   -0.2285250351E+04   -0.2218000000E+02    0.4094988125E+04   1694     21      2     13   2801     82     37     41
      4800   -0.2280188924E+04   -0.2218000000E+02    0.4099659702E+04   1688     20      6     15   2853     57     37     41
      4900   -0.2293944407E+04   -0.2164000000E+02    0.4080332276E+04   1708     19      5     12   2810     77     36     42
      5000   -0.2275613873E+04   -0.2270000000E+02    0.4128017266E+04   1696     21     10     14   2801     80     37     45
      5100   -0.2278446992E+04   -0.2270000000E+02    0.4065398306E+04   1668     18      6     10   2876     71     37     45
      5200   -0.2290945254E+04   -0.2164000000E+02    0.4111691358E+04   1712     22      3     15   2739     94     39     39
      5300   -0.2301085512E+04   -0.2218000000E+02    0.4048664860E+04   1690     19      5     16   2779     75     37     41
      5400   -0.2287954442E+04   -0.2216000000E+02    0.4093306870E+04   1690     21      6     17   2785     74     39     43
      5500   -0.2272653369E+04   -0.2164000000E+02    0.4025995786E+04   1634     18      4     10   2773     78     39     39
      5600   -0.2278514046E+04   -0.2276000000E+02    0.4077403616E+04   1685     18      5     11   2828     63     37     47
      5700   -0.2284634175E+04   -0.2256000000E+02    0.4025285276E+04   1673     17      2     11   2714     67     39     47
      5800   -0.2277057491E+04   -0.2270000000E+02    0.4052859208E+04   1647     20      3     12   2804     82     37     45
      5900   -0.2305740349E+04   -0.2218000000E+02    0.4078478521E+04   1735     18      2     13   2775     81     37     41
      6000   -0.2299262037E+04   -0.2256000000E+02    0.4099024598E+04   1720     18      5     15   2871     90     39     47
      6100   -0.2293579369E+04   -0.2192000000E+02    0.4004569988E+04   1677     13      0     13   2865     57     36     44
      6200   -0.2257611482E+04   -0.2218000000E+02    0.4047289394E+04   1614     19      1     13   2742     81     37     41
      6300   -0.2275255874E+04   -0.2252000000E+02    0.4078723533E+04   1685     19      4      9   2765     69     37     43
      6400   -0.2313315090E+04   -0.2198000000E+02    0.4098928988E+04   1746     20      6     16   2775     88     39     41
      6500   -0.2289854001E+04   -0.2218000000E+02    0.4087698143E+04   1689     20      5     14   2808     95     37     41
      6600   -0.2303814369E+04   -0.2218000000E+02    0.4071731741E+04   1737     18      7     10   2798     54     37     41
      6700   -0.2290010718E+04   -0.2216000000E+02    0.4061476798E+04   1688     20      0     12   2774     80     39     43
      6800   -0.2283501297E+04   -0.2270000000E+02    0.4072263745E+04   1680     18      4     10   2904     78     37     45
      6900   -0.2281550723E+04   -0.2198000000E+02    0.4045885278E+04   1650     20      3     16   2692     88     39     41
      7000   -0.2278689482E+04   -0.2244000000E+02    0.4079512139E+04   1675     20      8     12   2759     78     39     43
      7100   -0.2309326875E+04   -0.2250000000E+02    0.4046724172E+04   1717     20      3     10   2785     81     39     45
      7200   -0.2292989603E+04   -0.2198000000E+02    0.4059164266E+04   1702     19      2     11   2817     55     39     41
      7300   -0.2305381387E+04   -0.2170000000E+02    0.4050472293E+04   1710     19      3     13   2788     74     39     39
      7400   -0.2271724971E+04   -0.2192000000E+02    0.4060637158E+04   1645     20      1     13   2772     85     39     39
      7500   -0.2281289061E+04   -0.2192000000E+02    0.4045668391E+04   1655     20      5      9   2801     84     39     39
      7600   -0.2313983778E+04   -0.2136000000E+02    0.4073662553E+04   1730     19      5     17   2816     80     38     42
      7700   -0.2292965595E+04   -0.2250000000E+02    0.4109754131E+04   1732     21      3     13   2751     68     39     45
      7800   -0.2312541600E+04   -0.2228000000E+02    0.4078214841E+04   1748     20      3     11   2741     86     39     45
      7900   -0.2305131818E+04   -0.2126000000E+02    0.4060760468E+04   1707     22      2     12   2835     71     38     42
      8000   -0.2288626879E+04   -0.2118000000E+02    0.4066818439E+04   1697     20      2     11   2743     72     38     40
      8100   -0.2292932069E+04   -0.2228000000E+02    0.4044540704E+04   1684     19      2     10   2887     61     39     45
      8200   -0.2289265002E+04   -0.2164000000E+02    0.4060294949E+04   1683     22      2     12   2739     72     38     42
      8300   -0.2284297864E+04   -0.2074000000E+02    0.4083845548E+04   1699     21      3     10   2798     62     38     38
      8400   -0.2293392122E+04   -0.2104000000E+02    0.4049560228E+04   1686     20      2     10   2775     89     39     41
      8500   -0.2278456146E+04   -0.2086000000E+02    0.4085144429E+04   1694     18      7     14   2737     60     39     39
      8600   -0.2287429755E+04   -0.2244000000E+02    0.4077252711E+04   1710     18      4      9   2773     72     39     43
      8700   -0.2297369077E+04   -0.2110000000E+02    0.4038795727E+04   1693     18      4     13   2776     70     39     43
      8800   -0.2299113022E+04   -0.2222000000E+02    0.4084691921E+04   1730     17      2     12   2818     81     39     43
      8900   -0.2313392049E+04   -0.2074000000E+02    0.4080066530E+04   1749     19      4     12   2802     79     38     38
      9000   -0.2278809076E+04   -0.2144000000E+02    0.4092010671E+04   1703     18      5     12   2766     63     38     42
      9100   -0.2307036033E+04   -0.2244000000E+02    0.4062996312E+04   1732     18      3      9   2814     79     39     43
      9200   -0.2279539232E+04   -0.2192000000E+02    0.4099786767E+04   1706     18      5     11   2808     69     39     39
      9300   -0.2289096836E+04   -0.2192000000E+02    0.4052585757E+04   1676     19      6     12   2781     79     39     39
      9400   -0.2283280556E+04   -0.2102000000E+02    0.4067155596E+04   1665     22      5     14   2761     77     38     40
      9500   -0.2300421137E+04   -0.2116000000E+02    0.4083484166E+04   1718     19      6     13   2904     61     38     40
      9600   -0.2289347080E+04   -0.2138000000E+02    0.4055877456E+04   1678     18      5     15   2819     69     38     40
      9700   -0.2288073995E+04   -0.2160000000E+02    0.4056966802E+04   1687     20      2     11   2743     77     38     46
      9800   -0.2310549739E+04   -0.2192000000E+02    0.4063280774E+04   1714     18      6     14   2864     91     39     39
      9900   -0.2299558675E+04   -0.2256000000E+02    0.4054529999E+04   1697     19      7     12   2820     75     39     47
     10000   -0.2292541898E+04   -0.2198000000E+02    0.4079476276E+04   1705     18      4     15   2838     62     39     41
