          50           1
          49           1
          48           1
          47           1
          46           1
          45           1
          44           1
          43           1
          42           1
          41           1
          40           1
          39           1
          38           1
          37           1
          36           1
          35           1
          34           1
          33           1
          32           1
          31           1
          30           1
          29           1
          28           1
          27           1
          26           1
          25           1
          24           1
          23           1
          22           1
          21           1
          20           1
          19           1
          18           1
          17           1
          16           1
          15           1
          14           1
          13           1
          12           1
          11           1
          10           1
           9           1
           1          11
           2          11
           3          11
           4          11
           5          11
           6          11
           7          11
           8          11
           9          11
          10          11
          11          11
          12          11
          13          11
          14          11
          15          11
          16          11
          17          11
          18          11
          19          11
          20          11
          21          11
          22          11
          23          11
          24          11
          25          11
          26          11
          27          11
          28          11
          29          11
          30          11
          31          11
          32          11
          33          11
          34          11
          35          11
          36          11
          37          11
          38          11
          39          11
          40          11
          41          11
          42          11
          50          21
          49          21
          48          21
          47          21
          46          21
          45          21
          44          21
          43          21
          42          21
          41          21
          40          21
          39          21
          38          21
          37          21
          36          21
          35          21
          34          21
          33          21
          32          21
          31          21
          30          21
          29          21
          28          21
          27          21
          26          21
          25          21
          24          21
          23          21
          22          21
          21          21
          20          21
          19          21
          18          21
          17          21
          16          21
          15          21
          14          21
          13          21
          12          21
          11          21
          10          21
           9          21
           1          31
           2          31
           3          31
           4          31
           5          31
           6          31
           7          31
           8          31
           9          31
          10          31
          11          31
          12          31
          13          31
          14          31
          15          31
          16          31
          17          31
          18          31
          19          31
          20          31
          21          31
          22          31
          23          31
          24          31
          25          31
          26          31
          27          31
          28          31
          29          31
          30          31
          31          31
          32          31
          33          31
          34          31
          35          31
          36          31
          37          31
          38          31
          39          31
          40          31
          41          31
          42          31
          50          41
          49          41
          48          41
          47          41
          46          41
          45          41
          44          41
          43          41
          42          41
          41          41
          40          41
          39          41
          38          41
          37          41
          36          41
          35          41
          34          41
          33          41
          32          41
          31          41
          30          41
          29          41
          28          41
          27          41
          26          41
          25          41
          24          41
          23          41
          22          41
          21          41
          20          41
          19          41
          18          41
          17          41
          16          41
          15          41
          14          41
          13          41
          12          41
          11          41
          10          41
           9          41
