         100    48    47    -3     1
         100    49    47    -1     2
         100    49    48    -4     3
         100    49    49    -5     4
         100    48    49   -15     5
         100    48    48    -7     6
         100    47    48    -3     7
         100    47    47   -16     8
         100    47    46    -6     9
         100    47    45   -20    10
         100    46    45    -4    11
         100    46    44   -18    12
         100    45    44    -7    13
         100    45    43    -7    14
         100    45    42   -14    15
         100    45    41    -9    16
         100    45    40   -10    17
         100    45    39   -18    18
         100    45    38    -5    19
         100    45    37    -5    20
         100    45    36    -1    21
         100    44    36    -4    22
         100    44    35    -3    23
         100    45    35   -18    24
         100    45    34    -6    25
         100    44    34   -16    26
         100    44    33   -12    27
         100    43    33    -9    28
         100    43    32    -6    29
         100    43    31    -1    30
         100    43    30    -8    31
         100    43    29    -8    32
         100    43    28    -6    33
         100    43    27   -10    34
         100    42    27   -11    35
         100    41    27   -18    36
         100    40    27    -6    37
         100    40    28    -6    38
         100    40    29   -18    39
         100    40    30   -18    40
         100    40    31    -8    41
         100    40    32    -1    42
         200    48    47    -3     1
         200    49    47    -1     2
         200    49    48    -4     3
         200    49    49    -5     4
         200    48    49   -15     5
         200    48    48    -7     6
         200    47    48    -3     7
         200    47    47   -16     8
         200    47    46    -6     9
         200    47    45   -20    10
         200    46    45    -4    11
         200    46    44   -18    12
         200    46    43    -7    13
         200    46    42    -7    14
         200    45    42   -14    15
         200    45    41    -9    16
         200    45    40   -10    17
         200    45    39   -18    18
         200    45    38    -5    19
         200    45    37    -5    20
         200    45    36    -1    21
         200    44    36    -4    22
         200    44    35    -3    23
         200    45    35   -18    24
         200    45    34    -6    25
         200    44    34   -16    26
         200    43    34   -12    27
         200    43    33    -9    28
         200    43    32    -6    29
         200    43    31    -1    30
         200    43    30    -8    31
         200    43    29    -8    32
         200    43    28    -6    33
         200    43    27   -10    34
         200    42    27   -11    35
         200    41    27   -18    36
         200    40    27    -6    37
         200    40    28    -6    38
         200    40    29   -18    39
         200    40    30   -18    40
         200    40    31    -8    41
         200    40    32    -1    42
         300    48    47    -3     1
         300    49    47    -1     2
         300    49    48    -4     3
         300    49    49    -5     4
         300    48    49   -15     5
         300    48    48    -7     6
         300    47    48    -3     7
         300    47    47   -16     8
         300    47    46    -6     9
         300    47    45   -20    10
         300    46    45    -4    11
         300    46    44   -18    12
         300    45    44    -7    13
         300    45    43    -7    14
         300    45    42   -14    15
         300    45    41    -9    16
         300    45    40   -10    17
         300    45    39   -18    18
         300    45    38    -5    19
         300    45    37    -5    20
         300    45    36    -1    21
         300    44    36    -4    22
         300    44    35    -3    23
         300    45    35   -18    24
         300    45    34    -6    25
         300    44    34   -16    26
         300    43    34   -12    27
         300    43    33    -9    28
         300    43    32    -6    29
         300    43    31    -1    30
         300    43    30    -8    31
         300    43    29    -8    32
         300    43    28    -6    33
         300    43    27   -10    34
         300    42    27   -11    35
         300    41    27   -18    36
         300    40    27    -6    37
         300    40    28    -6    38
         300    40    29   -18    39
         300    40    30   -18    40
         300    40    31    -8    41
         300    40    32    -1    42
         400    48    47    -3     1
         400    49    47    -1     2
         400    49    48    -4     3
         400    49    49    -5     4
         400    48    49   -15     5
         400    48    48    -7     6
         400    47    48    -3     7
         400    47    47   -16     8
         400    47    46    -6     9
         400    47    45   -20    10
         400    46    45    -4    11
         400    46    44   -18    12
         400    45    44    -7    13
         400    45    43    -7    14
         400    45    42   -14    15
         400    45    41    -9    16
         400    45    40   -10    17
         400    45    39   -18    18
         400    45    38    -5    19
         400    45    37    -5    20
         400    45    36    -1    21
         400    44    36    -4    22
         400    44    35    -3    23
         400    45    35   -18    24
         400    45    34    -6    25
         400    44    34   -16    26
         400    43    34   -12    27
         400    43    33    -9    28
         400    43    32    -6    29
         400    43    31    -1    30
         400    43    30    -8    31
         400    43    29    -8    32
         400    43    28    -6    33
         400    43    27   -10    34
         400    42    27   -11    35
         400    41    27   -18    36
         400    40    27    -6    37
         400    40    28    -6    38
         400    40    29   -18    39
         400    40    30   -18    40
         400    40    31    -8    41
         400    40    32    -1    42
         500    48    47    -3     1
         500    49    47    -1     2
         500    49    48    -4     3
         500    49    49    -5     4
         500    48    49   -15     5
         500    48    48    -7     6
         500    47    48    -3     7
         500    47    47   -16     8
         500    46    47    -6     9
         500    46    46   -20    10
         500    46    45    -4    11
         500    46    44   -18    12
         500    46    43    -7    13
         500    46    42    -7    14
         500    45    42   -14    15
         500    45    41    -9    16
         500    45    40   -10    17
         500    45    39   -18    18
         500    45    38    -5    19
         500    45    37    -5    20
         500    45    36    -1    21
         500    44    36    -4    22
         500    44    35    -3    23
         500    45    35   -18    24
         500    45    34    -6    25
         500    44    34   -16    26
         500    44    33   -12    27
         500    43    33    -9    28
         500    43    32    -6    29
         500    43    31    -1    30
         500    43    30    -8    31
         500    43    29    -8    32
         500    43    28    -6    33
         500    43    27   -10    34
         500    42    27   -11    35
         500    41    27   -18    36
         500    40    27    -6    37
         500    40    28    -6    38
         500    40    29   -18    39
         500    40    30   -18    40
         500    40    31    -8    41
         500    40    32    -1    42
         600    48    47    -3     1
         600    49    47    -1     2
         600    49    48    -4     3
         600    49    49    -5     4
         600    48    49   -15     5
         600    48    48    -7     6
         600    47    48    -3     7
         600    47    47   -16     8
         600    47    46    -6     9
         600    46    46   -20    10
         600    46    45    -4    11
         600    45    45   -18    12
         600    45    44    -7    13
         600    45    43    -7    14
         600    45    42   -14    15
         600    45    41    -9    16
         600    45    40   -10    17
         600    45    39   -18    18
         600    45    38    -5    19
         600    45    37    -5    20
         600    45    36    -1    21
         600    44    36    -4    22
         600    44    35    -3    23
         600    45    35   -18    24
         600    45    34    -6    25
         600    44    34   -16    26
         600    44    33   -12    27
         600    43    33    -9    28
         600    43    32    -6    29
         600    43    31    -1    30
         600    43    30    -8    31
         600    43    29    -8    32
         600    43    28    -6    33
         600    43    27   -10    34
         600    42    27   -11    35
         600    41    27   -18    36
         600    40    27    -6    37
         600    40    28    -6    38
         600    40    29   -18    39
         600    40    30   -18    40
         600    40    31    -8    41
         600    40    32    -1    42
         700    48    47    -3     1
         700    49    47    -1     2
         700    49    48    -4     3
         700    49    49    -5     4
         700    48    49   -15     5
         700    48    48    -7     6
         700    47    48    -3     7
         700    47    47   -16     8
         700    46    47    -6     9
         700    46    46   -20    10
         700    46    45    -4    11
         700    45    45   -18    12
         700    45    44    -7    13
         700    45    43    -7    14
         700    45    42   -14    15
         700    45    41    -9    16
         700    45    40   -10    17
         700    45    39   -18    18
         700    45    38    -5    19
         700    45    37    -5    20
         700    45    36    -1    21
         700    44    36    -4    22
         700    44    35    -3    23
         700    45    35   -18    24
         700    45    34    -6    25
         700    44    34   -16    26
         700    43    34   -12    27
         700    43    33    -9    28
         700    43    32    -6    29
         700    43    31    -1    30
         700    43    30    -8    31
         700    43    29    -8    32
         700    43    28    -6    33
         700    43    27   -10    34
         700    42    27   -11    35
         700    41    27   -18    36
         700    40    27    -6    37
         700    40    28    -6    38
         700    40    29   -18    39
         700    40    30   -18    40
         700    40    31    -8    41
         700    40    32    -1    42
         800    48    47    -3     1
         800    49    47    -1     2
         800    49    48    -4     3
         800    49    49    -5     4
         800    48    49   -15     5
         800    48    48    -7     6
         800    47    48    -3     7
         800    47    47   -16     8
         800    47    46    -6     9
         800    47    45   -20    10
         800    46    45    -4    11
         800    46    44   -18    12
         800    45    44    -7    13
         800    45    43    -7    14
         800    45    42   -14    15
         800    45    41    -9    16
         800    45    40   -10    17
         800    45    39   -18    18
         800    45    38    -5    19
         800    45    37    -5    20
         800    45    36    -1    21
         800    44    36    -4    22
         800    44    35    -3    23
         800    45    35   -18    24
         800    45    34    -6    25
         800    44    34   -16    26
         800    44    33   -12    27
         800    43    33    -9    28
         800    43    32    -6    29
         800    43    31    -1    30
         800    43    30    -8    31
         800    43    29    -8    32
         800    43    28    -6    33
         800    43    27   -10    34
         800    42    27   -11    35
         800    41    27   -18    36
         800    40    27    -6    37
         800    40    28    -6    38
         800    40    29   -18    39
         800    40    30   -18    40
         800    40    31    -8    41
         800    40    32    -1    42
         900    48    47    -3     1
         900    49    47    -1     2
         900    49    48    -4     3
         900    49    49    -5     4
         900    48    49   -15     5
         900    48    48    -7     6
         900    47    48    -3     7
         900    47    47   -16     8
         900    47    46    -6     9
         900    47    45   -20    10
         900    47    44    -4    11
         900    46    44   -18    12
         900    46    43    -7    13
         900    46    42    -7    14
         900    45    42   -14    15
         900    45    41    -9    16
         900    45    40   -10    17
         900    45    39   -18    18
         900    45    38    -5    19
         900    45    37    -5    20
         900    45    36    -1    21
         900    44    36    -4    22
         900    44    35    -3    23
         900    45    35   -18    24
         900    45    34    -6    25
         900    44    34   -16    26
         900    43    34   -12    27
         900    43    33    -9    28
         900    43    32    -6    29
         900    43    31    -1    30
         900    43    30    -8    31
         900    43    29    -8    32
         900    43    28    -6    33
         900    43    27   -10    34
         900    42    27   -11    35
         900    41    27   -18    36
         900    40    27    -6    37
         900    40    28    -6    38
         900    40    29   -18    39
         900    40    30   -18    40
         900    40    31    -8    41
         900    40    32    -1    42
        1000    48    47    -3     1
        1000    49    47    -1     2
        1000    49    48    -4     3
        1000    49    49    -5     4
        1000    48    49   -15     5
        1000    48    48    -7     6
        1000    47    48    -3     7
        1000    47    47   -16     8
        1000    47    46    -6     9
        1000    47    45   -20    10
        1000    47    44    -4    11
        1000    46    44   -18    12
        1000    46    43    -7    13
        1000    46    42    -7    14
        1000    45    42   -14    15
        1000    45    41    -9    16
        1000    45    40   -10    17
        1000    45    39   -18    18
        1000    45    38    -5    19
        1000    45    37    -5    20
        1000    45    36    -1    21
        1000    44    36    -4    22
        1000    44    35    -3    23
        1000    45    35   -18    24
        1000    45    34    -6    25
        1000    44    34   -16    26
        1000    44    33   -12    27
        1000    43    33    -9    28
        1000    43    32    -6    29
        1000    43    31    -1    30
        1000    43    30    -8    31
        1000    43    29    -8    32
        1000    43    28    -6    33
        1000    43    27   -10    34
        1000    42    27   -11    35
        1000    41    27   -18    36
        1000    40    27    -6    37
        1000    40    28    -6    38
        1000    40    29   -18    39
        1000    40    30   -18    40
        1000    40    31    -8    41
        1000    40    32    -1    42
        1100    48    47    -3     1
        1100    49    47    -1     2
        1100    49    48    -4     3
        1100    49    49    -5     4
        1100    48    49   -15     5
        1100    48    48    -7     6
        1100    47    48    -3     7
        1100    47    47   -16     8
        1100    46    47    -6     9
        1100    46    46   -20    10
        1100    46    45    -4    11
        1100    46    44   -18    12
        1100    45    44    -7    13
        1100    45    43    -7    14
        1100    45    42   -14    15
        1100    45    41    -9    16
        1100    45    40   -10    17
        1100    45    39   -18    18
        1100    45    38    -5    19
        1100    45    37    -5    20
        1100    45    36    -1    21
        1100    44    36    -4    22
        1100    44    35    -3    23
        1100    45    35   -18    24
        1100    45    34    -6    25
        1100    44    34   -16    26
        1100    43    34   -12    27
        1100    43    33    -9    28
        1100    43    32    -6    29
        1100    43    31    -1    30
        1100    43    30    -8    31
        1100    43    29    -8    32
        1100    43    28    -6    33
        1100    43    27   -10    34
        1100    42    27   -11    35
        1100    41    27   -18    36
        1100    40    27    -6    37
        1100    40    28    -6    38
        1100    40    29   -18    39
        1100    40    30   -18    40
        1100    40    31    -8    41
        1100    40    32    -1    42
        1200    48    47    -3     1
        1200    49    47    -1     2
        1200    49    48    -4     3
        1200    49    49    -5     4
        1200    48    49   -15     5
        1200    48    48    -7     6
        1200    47    48    -3     7
        1200    46    48   -16     8
        1200    46    47    -6     9
        1200    46    46   -20    10
        1200    46    45    -4    11
        1200    46    44   -18    12
        1200    45    44    -7    13
        1200    45    43    -7    14
        1200    45    42   -14    15
        1200    45    41    -9    16
        1200    45    40   -10    17
        1200    45    39   -18    18
        1200    45    38    -5    19
        1200    45    37    -5    20
        1200    45    36    -1    21
        1200    44    36    -4    22
        1200    44    35    -3    23
        1200    45    35   -18    24
        1200    45    34    -6    25
        1200    44    34   -16    26
        1200    43    34   -12    27
        1200    43    33    -9    28
        1200    43    32    -6    29
        1200    43    31    -1    30
        1200    43    30    -8    31
        1200    43    29    -8    32
        1200    43    28    -6    33
        1200    43    27   -10    34
        1200    42    27   -11    35
        1200    41    27   -18    36
        1200    40    27    -6    37
        1200    40    28    -6    38
        1200    40    29   -18    39
        1200    40    30   -18    40
        1200    40    31    -8    41
        1200    40    32    -1    42
        1300    48    47    -3     1
        1300    49    47    -1     2
        1300    49    48    -4     3
        1300    49    49    -5     4
        1300    48    49   -15     5
        1300    48    48    -7     6
        1300    47    48    -3     7
        1300    47    47   -16     8
        1300    47    46    -6     9
        1300    47    45   -20    10
        1300    47    44    -4    11
        1300    46    44   -18    12
        1300    46    43    -7    13
        1300    46    42    -7    14
        1300    45    42   -14    15
        1300    45    41    -9    16
        1300    45    40   -10    17
        1300    45    39   -18    18
        1300    45    38    -5    19
        1300    45    37    -5    20
        1300    45    36    -1    21
        1300    44    36    -4    22
        1300    44    35    -3    23
        1300    45    35   -18    24
        1300    45    34    -6    25
        1300    44    34   -16    26
        1300    44    33   -12    27
        1300    43    33    -9    28
        1300    43    32    -6    29
        1300    43    31    -1    30
        1300    43    30    -8    31
        1300    43    29    -8    32
        1300    43    28    -6    33
        1300    43    27   -10    34
        1300    42    27   -11    35
        1300    41    27   -18    36
        1300    40    27    -6    37
        1300    40    28    -6    38
        1300    40    29   -18    39
        1300    40    30   -18    40
        1300    40    31    -8    41
        1300    40    32    -1    42
        1400    48    47    -3     1
        1400    49    47    -1     2
        1400    49    48    -4     3
        1400    49    49    -5     4
        1400    48    49   -15     5
        1400    48    48    -7     6
        1400    47    48    -3     7
        1400    47    47   -16     8
        1400    47    46    -6     9
        1400    47    45   -20    10
        1400    47    44    -4    11
        1400    46    44   -18    12
        1400    45    44    -7    13
        1400    45    43    -7    14
        1400    45    42   -14    15
        1400    45    41    -9    16
        1400    45    40   -10    17
        1400    45    39   -18    18
        1400    45    38    -5    19
        1400    45    37    -5    20
        1400    45    36    -1    21
        1400    44    36    -4    22
        1400    44    35    -3    23
        1400    45    35   -18    24
        1400    45    34    -6    25
        1400    44    34   -16    26
        1400    44    33   -12    27
        1400    43    33    -9    28
        1400    43    32    -6    29
        1400    43    31    -1    30
        1400    43    30    -8    31
        1400    43    29    -8    32
        1400    43    28    -6    33
        1400    43    27   -10    34
        1400    42    27   -11    35
        1400    41    27   -18    36
        1400    40    27    -6    37
        1400    40    28    -6    38
        1400    40    29   -18    39
        1400    40    30   -18    40
        1400    40    31    -8    41
        1400    40    32    -1    42
        1500    48    47    -3     1
        1500    49    47    -1     2
        1500    49    48    -4     3
        1500    49    49    -5     4
        1500    48    49   -15     5
        1500    48    48    -7     6
        1500    47    48    -3     7
        1500    47    47   -16     8
        1500    47    46    -6     9
        1500    47    45   -20    10
        1500    47    44    -4    11
        1500    46    44   -18    12
        1500    46    43    -7    13
        1500    46    42    -7    14
        1500    45    42   -14    15
        1500    45    41    -9    16
        1500    45    40   -10    17
        1500    45    39   -18    18
        1500    45    38    -5    19
        1500    45    37    -5    20
        1500    45    36    -1    21
        1500    44    36    -4    22
        1500    44    35    -3    23
        1500    45    35   -18    24
        1500    45    34    -6    25
        1500    44    34   -16    26
        1500    43    34   -12    27
        1500    43    33    -9    28
        1500    43    32    -6    29
        1500    43    31    -1    30
        1500    43    30    -8    31
        1500    43    29    -8    32
        1500    43    28    -6    33
        1500    43    27   -10    34
        1500    42    27   -11    35
        1500    41    27   -18    36
        1500    41    28    -6    37
        1500    40    28    -6    38
        1500    40    29   -18    39
        1500    40    30   -18    40
        1500    40    31    -8    41
        1500    40    32    -1    42
        1600    48    47    -3     1
        1600    49    47    -1     2
        1600    49    48    -4     3
        1600    49    49    -5     4
        1600    48    49   -15     5
        1600    48    48    -7     6
        1600    47    48    -3     7
        1600    47    47   -16     8
        1600    47    46    -6     9
        1600    47    45   -20    10
        1600    47    44    -4    11
        1600    46    44   -18    12
        1600    45    44    -7    13
        1600    45    43    -7    14
        1600    45    42   -14    15
        1600    45    41    -9    16
        1600    45    40   -10    17
        1600    45    39   -18    18
        1600    45    38    -5    19
        1600    45    37    -5    20
        1600    45    36    -1    21
        1600    44    36    -4    22
        1600    44    35    -3    23
        1600    45    35   -18    24
        1600    45    34    -6    25
        1600    44    34   -16    26
        1600    44    33   -12    27
        1600    43    33    -9    28
        1600    43    32    -6    29
        1600    43    31    -1    30
        1600    43    30    -8    31
        1600    43    29    -8    32
        1600    43    28    -6    33
        1600    43    27   -10    34
        1600    42    27   -11    35
        1600    41    27   -18    36
        1600    40    27    -6    37
        1600    40    28    -6    38
        1600    40    29   -18    39
        1600    40    30   -18    40
        1600    40    31    -8    41
        1600    40    32    -1    42
        1700    48    47    -3     1
        1700    49    47    -1     2
        1700    49    48    -4     3
        1700    49    49    -5     4
        1700    48    49   -15     5
        1700    48    48    -7     6
        1700    47    48    -3     7
        1700    47    47   -16     8
        1700    47    46    -6     9
        1700    47    45   -20    10
        1700    47    44    -4    11
        1700    47    43   -18    12
        1700    46    43    -7    13
        1700    46    42    -7    14
        1700    45    42   -14    15
        1700    45    41    -9    16
        1700    45    40   -10    17
        1700    45    39   -18    18
        1700    45    38    -5    19
        1700    45    37    -5    20
        1700    45    36    -1    21
        1700    44    36    -4    22
        1700    44    35    -3    23
        1700    45    35   -18    24
        1700    45    34    -6    25
        1700    45    33   -16    26
        1700    44    33   -12    27
        1700    43    33    -9    28
        1700    43    32    -6    29
        1700    43    31    -1    30
        1700    43    30    -8    31
        1700    43    29    -8    32
        1700    43    28    -6    33
        1700    43    27   -10    34
        1700    42    27   -11    35
        1700    41    27   -18    36
        1700    40    27    -6    37
        1700    40    28    -6    38
        1700    40    29   -18    39
        1700    40    30   -18    40
        1700    40    31    -8    41
        1700    40    32    -1    42
        1800    50    47    -3     1
        1800    49    47    -1     2
        1800    49    48    -4     3
        1800    49    49    -5     4
        1800    48    49   -15     5
        1800    48    48    -7     6
        1800    47    48    -3     7
        1800    47    47   -16     8
        1800    46    47    -6     9
        1800    46    46   -20    10
        1800    46    45    -4    11
        1800    45    45   -18    12
        1800    45    44    -7    13
        1800    45    43    -7    14
        1800    45    42   -14    15
        1800    45    41    -9    16
        1800    45    40   -10    17
        1800    45    39   -18    18
        1800    45    38    -5    19
        1800    45    37    -5    20
        1800    45    36    -1    21
        1800    44    36    -4    22
        1800    44    35    -3    23
        1800    45    35   -18    24
        1800    45    34    -6    25
        1800    44    34   -16    26
        1800    43    34   -12    27
        1800    43    33    -9    28
        1800    43    32    -6    29
        1800    43    31    -1    30
        1800    43    30    -8    31
        1800    43    29    -8    32
        1800    43    28    -6    33
        1800    43    27   -10    34
        1800    42    27   -11    35
        1800    41    27   -18    36
        1800    40    27    -6    37
        1800    40    28    -6    38
        1800    40    29   -18    39
        1800    40    30   -18    40
        1800    40    31    -8    41
        1800    40    32    -1    42
        1900    48    47    -3     1
        1900    49    47    -1     2
        1900    49    48    -4     3
        1900    49    49    -5     4
        1900    48    49   -15     5
        1900    48    48    -7     6
        1900    47    48    -3     7
        1900    47    47   -16     8
        1900    47    46    -6     9
        1900    47    45   -20    10
        1900    46    45    -4    11
        1900    46    44   -18    12
        1900    46    43    -7    13
        1900    45    43    -7    14
        1900    45    42   -14    15
        1900    45    41    -9    16
        1900    45    40   -10    17
        1900    45    39   -18    18
        1900    45    38    -5    19
        1900    45    37    -5    20
        1900    45    36    -1    21
        1900    44    36    -4    22
        1900    44    35    -3    23
        1900    45    35   -18    24
        1900    45    34    -6    25
        1900    44    34   -16    26
        1900    43    34   -12    27
        1900    43    33    -9    28
        1900    43    32    -6    29
        1900    43    31    -1    30
        1900    43    30    -8    31
        1900    43    29    -8    32
        1900    43    28    -6    33
        1900    43    27   -10    34
        1900    42    27   -11    35
        1900    41    27   -18    36
        1900    40    27    -6    37
        1900    40    28    -6    38
        1900    40    29   -18    39
        1900    40    30   -18    40
        1900    40    31    -8    41
        1900    40    32    -1    42
        2000    48    47    -3     1
        2000    49    47    -1     2
        2000    49    48    -4     3
        2000    49    49    -5     4
        2000    48    49   -15     5
        2000    48    48    -7     6
        2000    47    48    -3     7
        2000    47    47   -16     8
        2000    47    46    -6     9
        2000    46    46   -20    10
        2000    46    45    -4    11
        2000    46    44   -18    12
        2000    45    44    -7    13
        2000    45    43    -7    14
        2000    45    42   -14    15
        2000    45    41    -9    16
        2000    45    40   -10    17
        2000    45    39   -18    18
        2000    45    38    -5    19
        2000    45    37    -5    20
        2000    45    36    -1    21
        2000    44    36    -4    22
        2000    44    35    -3    23
        2000    45    35   -18    24
        2000    45    34    -6    25
        2000    44    34   -16    26
        2000    44    33   -12    27
        2000    43    33    -9    28
        2000    43    32    -6    29
        2000    43    31    -1    30
        2000    43    30    -8    31
        2000    43    29    -8    32
        2000    43    28    -6    33
        2000    43    27   -10    34
        2000    42    27   -11    35
        2000    41    27   -18    36
        2000    40    27    -6    37
        2000    40    28    -6    38
        2000    40    29   -18    39
        2000    40    30   -18    40
        2000    40    31    -8    41
        2000    40    32    -1    42
        2100    48    47    -3     1
        2100    49    47    -1     2
        2100    49    48    -4     3
        2100    49    49    -5     4
        2100    48    49   -15     5
        2100    48    48    -7     6
        2100    47    48    -3     7
        2100    47    47   -16     8
        2100    47    46    -6     9
        2100    46    46   -20    10
        2100    46    45    -4    11
        2100    46    44   -18    12
        2100    46    43    -7    13
        2100    45    43    -7    14
        2100    45    42   -14    15
        2100    45    41    -9    16
        2100    45    40   -10    17
        2100    45    39   -18    18
        2100    45    38    -5    19
        2100    45    37    -5    20
        2100    45    36    -1    21
        2100    44    36    -4    22
        2100    44    35    -3    23
        2100    45    35   -18    24
        2100    45    34    -6    25
        2100    44    34   -16    26
        2100    43    34   -12    27
        2100    43    33    -9    28
        2100    43    32    -6    29
        2100    43    31    -1    30
        2100    43    30    -8    31
        2100    43    29    -8    32
        2100    43    28    -6    33
        2100    43    27   -10    34
        2100    42    27   -11    35
        2100    41    27   -18    36
        2100    40    27    -6    37
        2100    40    28    -6    38
        2100    40    29   -18    39
        2100    40    30   -18    40
        2100    40    31    -8    41
        2100    40    32    -1    42
        2200    48    47    -3     1
        2200    49    47    -1     2
        2200    49    48    -4     3
        2200    49    49    -5     4
        2200    48    49   -15     5
        2200    48    48    -7     6
        2200    47    48    -3     7
        2200    47    47   -16     8
        2200    46    47    -6     9
        2200    46    46   -20    10
        2200    46    45    -4    11
        2200    46    44   -18    12
        2200    45    44    -7    13
        2200    45    43    -7    14
        2200    45    42   -14    15
        2200    45    41    -9    16
        2200    45    40   -10    17
        2200    45    39   -18    18
        2200    45    38    -5    19
        2200    45    37    -5    20
        2200    45    36    -1    21
        2200    44    36    -4    22
        2200    44    35    -3    23
        2200    45    35   -18    24
        2200    45    34    -6    25
        2200    44    34   -16    26
        2200    43    34   -12    27
        2200    43    33    -9    28
        2200    43    32    -6    29
        2200    43    31    -1    30
        2200    43    30    -8    31
        2200    43    29    -8    32
        2200    43    28    -6    33
        2200    43    27   -10    34
        2200    42    27   -11    35
        2200    41    27   -18    36
        2200    40    27    -6    37
        2200    40    28    -6    38
        2200    40    29   -18    39
        2200    40    30   -18    40
        2200    40    31    -8    41
        2200    40    32    -1    42
        2300    48    47    -3     1
        2300    49    47    -1     2
        2300    49    48    -4     3
        2300    49    49    -5     4
        2300    48    49   -15     5
        2300    48    48    -7     6
        2300    47    48    -3     7
        2300    47    47   -16     8
        2300    47    46    -6     9
        2300    47    45   -20    10
        2300    47    44    -4    11
        2300    46    44   -18    12
        2300    46    43    -7    13
        2300    46    42    -7    14
        2300    45    42   -14    15
        2300    45    41    -9    16
        2300    45    40   -10    17
        2300    45    39   -18    18
        2300    45    38    -5    19
        2300    45    37    -5    20
        2300    45    36    -1    21
        2300    44    36    -4    22
        2300    44    35    -3    23
        2300    45    35   -18    24
        2300    45    34    -6    25
        2300    44    34   -16    26
        2300    44    33   -12    27
        2300    43    33    -9    28
        2300    43    32    -6    29
        2300    43    31    -1    30
        2300    43    30    -8    31
        2300    43    29    -8    32
        2300    43    28    -6    33
        2300    43    27   -10    34
        2300    42    27   -11    35
        2300    41    27   -18    36
        2300    40    27    -6    37
        2300    40    28    -6    38
        2300    40    29   -18    39
        2300    40    30   -18    40
        2300    40    31    -8    41
        2300    40    32    -1    42
        2400    48    47    -3     1
        2400    49    47    -1     2
        2400    49    48    -4     3
        2400    49    49    -5     4
        2400    48    49   -15     5
        2400    48    48    -7     6
        2400    47    48    -3     7
        2400    47    47   -16     8
        2400    46    47    -6     9
        2400    46    46   -20    10
        2400    46    45    -4    11
        2400    46    44   -18    12
        2400    45    44    -7    13
        2400    45    43    -7    14
        2400    45    42   -14    15
        2400    45    41    -9    16
        2400    45    40   -10    17
        2400    45    39   -18    18
        2400    45    38    -5    19
        2400    45    37    -5    20
        2400    45    36    -1    21
        2400    44    36    -4    22
        2400    44    35    -3    23
        2400    45    35   -18    24
        2400    45    34    -6    25
        2400    44    34   -16    26
        2400    43    34   -12    27
        2400    43    33    -9    28
        2400    43    32    -6    29
        2400    43    31    -1    30
        2400    43    30    -8    31
        2400    43    29    -8    32
        2400    43    28    -6    33
        2400    43    27   -10    34
        2400    42    27   -11    35
        2400    41    27   -18    36
        2400    40    27    -6    37
        2400    40    28    -6    38
        2400    40    29   -18    39
        2400    40    30   -18    40
        2400    40    31    -8    41
        2400    40    32    -1    42
        2500    48    47    -3     1
        2500    49    47    -1     2
        2500    49    48    -4     3
        2500    49    49    -5     4
        2500    48    49   -15     5
        2500    48    48    -7     6
        2500    47    48    -3     7
        2500    47    47   -16     8
        2500    47    46    -6     9
        2500    47    45   -20    10
        2500    46    45    -4    11
        2500    46    44   -18    12
        2500    45    44    -7    13
        2500    45    43    -7    14
        2500    45    42   -14    15
        2500    45    41    -9    16
        2500    45    40   -10    17
        2500    45    39   -18    18
        2500    45    38    -5    19
        2500    45    37    -5    20
        2500    45    36    -1    21
        2500    44    36    -4    22
        2500    44    35    -3    23
        2500    45    35   -18    24
        2500    45    34    -6    25
        2500    44    34   -16    26
        2500    43    34   -12    27
        2500    43    33    -9    28
        2500    43    32    -6    29
        2500    43    31    -1    30
        2500    43    30    -8    31
        2500    43    29    -8    32
        2500    43    28    -6    33
        2500    43    27   -10    34
        2500    42    27   -11    35
        2500    41    27   -18    36
        2500    40    27    -6    37
        2500    40    28    -6    38
        2500    40    29   -18    39
        2500    40    30   -18    40
        2500    40    31    -8    41
        2500    40    32    -1    42
        2600    48    47    -3     1
        2600    49    47    -1     2
        2600    49    48    -4     3
        2600    49    49    -5     4
        2600    48    49   -15     5
        2600    48    48    -7     6
        2600    47    48    -3     7
        2600    47    47   -16     8
        2600    47    46    -6     9
        2600    47    45   -20    10
        2600    47    44    -4    11
        2600    47    43   -18    12
        2600    46    43    -7    13
        2600    46    42    -7    14
        2600    45    42   -14    15
        2600    45    41    -9    16
        2600    45    40   -10    17
        2600    45    39   -18    18
        2600    45    38    -5    19
        2600    45    37    -5    20
        2600    45    36    -1    21
        2600    44    36    -4    22
        2600    44    35    -3    23
        2600    45    35   -18    24
        2600    45    34    -6    25
        2600    44    34   -16    26
        2600    43    34   -12    27
        2600    43    33    -9    28
        2600    43    32    -6    29
        2600    43    31    -1    30
        2600    43    30    -8    31
        2600    43    29    -8    32
        2600    43    28    -6    33
        2600    43    27   -10    34
        2600    42    27   -11    35
        2600    41    27   -18    36
        2600    40    27    -6    37
        2600    40    28    -6    38
        2600    40    29   -18    39
        2600    40    30   -18    40
        2600    40    31    -8    41
        2600    40    32    -1    42
        2700    48    47    -3     1
        2700    49    47    -1     2
        2700    49    48    -4     3
        2700    49    49    -5     4
        2700    48    49   -15     5
        2700    48    48    -7     6
        2700    47    48    -3     7
        2700    47    47   -16     8
        2700    47    46    -6     9
        2700    46    46   -20    10
        2700    46    45    -4    11
        2700    45    45   -18    12
        2700    45    44    -7    13
        2700    45    43    -7    14
        2700    45    42   -14    15
        2700    45    41    -9    16
        2700    45    40   -10    17
        2700    45    39   -18    18
        2700    45    38    -5    19
        2700    45    37    -5    20
        2700    45    36    -1    21
        2700    44    36    -4    22
        2700    44    35    -3    23
        2700    45    35   -18    24
        2700    45    34    -6    25
        2700    44    34   -16    26
        2700    43    34   -12    27
        2700    43    33    -9    28
        2700    43    32    -6    29
        2700    43    31    -1    30
        2700    43    30    -8    31
        2700    43    29    -8    32
        2700    43    28    -6    33
        2700    43    27   -10    34
        2700    42    27   -11    35
        2700    41    27   -18    36
        2700    40    27    -6    37
        2700    40    28    -6    38
        2700    40    29   -18    39
        2700    40    30   -18    40
        2700    40    31    -8    41
        2700    40    32    -1    42
        2800    48    47    -3     1
        2800    49    47    -1     2
        2800    49    48    -4     3
        2800    49    49    -5     4
        2800    48    49   -15     5
        2800    48    48    -7     6
        2800    47    48    -3     7
        2800    47    47   -16     8
        2800    46    47    -6     9
        2800    46    46   -20    10
        2800    45    46    -4    11
        2800    45    45   -18    12
        2800    45    44    -7    13
        2800    45    43    -7    14
        2800    45    42   -14    15
        2800    45    41    -9    16
        2800    45    40   -10    17
        2800    45    39   -18    18
        2800    45    38    -5    19
        2800    45    37    -5    20
        2800    45    36    -1    21
        2800    44    36    -4    22
        2800    44    35    -3    23
        2800    45    35   -18    24
        2800    45    34    -6    25
        2800    44    34   -16    26
        2800    44    33   -12    27
        2800    43    33    -9    28
        2800    43    32    -6    29
        2800    43    31    -1    30
        2800    43    30    -8    31
        2800    43    29    -8    32
        2800    43    28    -6    33
        2800    43    27   -10    34
        2800    42    27   -11    35
        2800    41    27   -18    36
        2800    40    27    -6    37
        2800    40    28    -6    38
        2800    40    29   -18    39
        2800    40    30   -18    40
        2800    40    31    -8    41
        2800    40    32    -1    42
        2900    48    47    -3     1
        2900    49    47    -1     2
        2900    49    48    -4     3
        2900    49    49    -5     4
        2900    48    49   -15     5
        2900    48    48    -7     6
        2900    47    48    -3     7
        2900    47    47   -16     8
        2900    47    46    -6     9
        2900    47    45   -20    10
        2900    47    44    -4    11
        2900    46    44   -18    12
        2900    46    43    -7    13
        2900    45    43    -7    14
        2900    45    42   -14    15
        2900    45    41    -9    16
        2900    45    40   -10    17
        2900    45    39   -18    18
        2900    45    38    -5    19
        2900    45    37    -5    20
        2900    45    36    -1    21
        2900    44    36    -4    22
        2900    44    35    -3    23
        2900    45    35   -18    24
        2900    45    34    -6    25
        2900    44    34   -16    26
        2900    44    33   -12    27
        2900    43    33    -9    28
        2900    43    32    -6    29
        2900    43    31    -1    30
        2900    43    30    -8    31
        2900    43    29    -8    32
        2900    43    28    -6    33
        2900    43    27   -10    34
        2900    42    27   -11    35
        2900    41    27   -18    36
        2900    40    27    -6    37
        2900    40    28    -6    38
        2900    40    29   -18    39
        2900    40    30   -18    40
        2900    40    31    -8    41
        2900    40    32    -1    42
        3000    48    47    -3     1
        3000    49    47    -1     2
        3000    49    48    -4     3
        3000    49    49    -5     4
        3000    48    49   -15     5
        3000    48    48    -7     6
        3000    47    48    -3     7
        3000    47    47   -16     8
        3000    47    46    -6     9
        3000    46    46   -20    10
        3000    46    45    -4    11
        3000    46    44   -18    12
        3000    46    43    -7    13
        3000    46    42    -7    14
        3000    45    42   -14    15
        3000    45    41    -9    16
        3000    45    40   -10    17
        3000    45    39   -18    18
        3000    45    38    -5    19
        3000    45    37    -5    20
        3000    45    36    -1    21
        3000    44    36    -4    22
        3000    44    35    -3    23
        3000    45    35   -18    24
        3000    45    34    -6    25
        3000    44    34   -16    26
        3000    43    34   -12    27
        3000    43    33    -9    28
        3000    43    32    -6    29
        3000    43    31    -1    30
        3000    43    30    -8    31
        3000    43    29    -8    32
        3000    43    28    -6    33
        3000    43    27   -10    34
        3000    42    27   -11    35
        3000    41    27   -18    36
        3000    40    27    -6    37
        3000    40    28    -6    38
        3000    40    29   -18    39
        3000    40    30   -18    40
        3000    40    31    -8    41
        3000    40    32    -1    42
        3100    48    47    -3     1
        3100    49    47    -1     2
        3100    49    48    -4     3
        3100    49    49    -5     4
        3100    48    49   -15     5
        3100    48    48    -7     6
        3100    47    48    -3     7
        3100    47    47   -16     8
        3100    47    46    -6     9
        3100    47    45   -20    10
        3100    46    45    -4    11
        3100    46    44   -18    12
        3100    45    44    -7    13
        3100    45    43    -7    14
        3100    45    42   -14    15
        3100    45    41    -9    16
        3100    45    40   -10    17
        3100    45    39   -18    18
        3100    45    38    -5    19
        3100    45    37    -5    20
        3100    45    36    -1    21
        3100    44    36    -4    22
        3100    44    35    -3    23
        3100    45    35   -18    24
        3100    45    34    -6    25
        3100    44    34   -16    26
        3100    44    33   -12    27
        3100    43    33    -9    28
        3100    43    32    -6    29
        3100    43    31    -1    30
        3100    43    30    -8    31
        3100    43    29    -8    32
        3100    43    28    -6    33
        3100    43    27   -10    34
        3100    42    27   -11    35
        3100    41    27   -18    36
        3100    40    27    -6    37
        3100    40    28    -6    38
        3100    40    29   -18    39
        3100    40    30   -18    40
        3100    40    31    -8    41
        3100    40    32    -1    42
        3200    48    47    -3     1
        3200    49    47    -1     2
        3200    49    48    -4     3
        3200    49    49    -5     4
        3200    48    49   -15     5
        3200    48    48    -7     6
        3200    47    48    -3     7
        3200    47    47   -16     8
        3200    47    46    -6     9
        3200    47    45   -20    10
        3200    47    44    -4    11
        3200    46    44   -18    12
        3200    46    43    -7    13
        3200    46    42    -7    14
        3200    45    42   -14    15
        3200    45    41    -9    16
        3200    45    40   -10    17
        3200    45    39   -18    18
        3200    45    38    -5    19
        3200    45    37    -5    20
        3200    45    36    -1    21
        3200    44    36    -4    22
        3200    44    35    -3    23
        3200    45    35   -18    24
        3200    45    34    -6    25
        3200    44    34   -16    26
        3200    43    34   -12    27
        3200    43    33    -9    28
        3200    43    32    -6    29
        3200    43    31    -1    30
        3200    43    30    -8    31
        3200    43    29    -8    32
        3200    43    28    -6    33
        3200    43    27   -10    34
        3200    42    27   -11    35
        3200    41    27   -18    36
        3200    40    27    -6    37
        3200    40    28    -6    38
        3200    40    29   -18    39
        3200    40    30   -18    40
        3200    40    31    -8    41
        3200    40    32    -1    42
        3300    49    46    -3     1
        3300    49    47    -1     2
        3300    49    48    -4     3
        3300    49    49    -5     4
        3300    48    49   -15     5
        3300    48    48    -7     6
        3300    47    48    -3     7
        3300    47    47   -16     8
        3300    47    46    -6     9
        3300    47    45   -20    10
        3300    47    44    -4    11
        3300    46    44   -18    12
        3300    46    43    -7    13
        3300    45    43    -7    14
        3300    45    42   -14    15
        3300    45    41    -9    16
        3300    45    40   -10    17
        3300    45    39   -18    18
        3300    45    38    -5    19
        3300    45    37    -5    20
        3300    45    36    -1    21
        3300    44    36    -4    22
        3300    44    35    -3    23
        3300    45    35   -18    24
        3300    45    34    -6    25
        3300    44    34   -16    26
        3300    43    34   -12    27
        3300    43    33    -9    28
        3300    43    32    -6    29
        3300    43    31    -1    30
        3300    43    30    -8    31
        3300    43    29    -8    32
        3300    43    28    -6    33
        3300    43    27   -10    34
        3300    42    27   -11    35
        3300    41    27   -18    36
        3300    40    27    -6    37
        3300    40    28    -6    38
        3300    40    29   -18    39
        3300    40    30   -18    40
        3300    40    31    -8    41
        3300    40    32    -1    42
        3400    48    47    -3     1
        3400    49    47    -1     2
        3400    49    48    -4     3
        3400    49    49    -5     4
        3400    48    49   -15     5
        3400    48    48    -7     6
        3400    47    48    -3     7
        3400    47    47   -16     8
        3400    46    47    -6     9
        3400    46    46   -20    10
        3400    46    45    -4    11
        3400    45    45   -18    12
        3400    45    44    -7    13
        3400    45    43    -7    14
        3400    45    42   -14    15
        3400    45    41    -9    16
        3400    45    40   -10    17
        3400    45    39   -18    18
        3400    45    38    -5    19
        3400    45    37    -5    20
        3400    45    36    -1    21
        3400    44    36    -4    22
        3400    44    35    -3    23
        3400    45    35   -18    24
        3400    45    34    -6    25
        3400    44    34   -16    26
        3400    43    34   -12    27
        3400    43    33    -9    28
        3400    43    32    -6    29
        3400    43    31    -1    30
        3400    43    30    -8    31
        3400    43    29    -8    32
        3400    43    28    -6    33
        3400    43    27   -10    34
        3400    42    27   -11    35
        3400    41    27   -18    36
        3400    40    27    -6    37
        3400    40    28    -6    38
        3400    40    29   -18    39
        3400    40    30   -18    40
        3400    40    31    -8    41
        3400    40    32    -1    42
        3500    48    47    -3     1
        3500    49    47    -1     2
        3500    49    48    -4     3
        3500    49    49    -5     4
        3500    48    49   -15     5
        3500    48    48    -7     6
        3500    47    48    -3     7
        3500    47    47   -16     8
        3500    47    46    -6     9
        3500    46    46   -20    10
        3500    46    45    -4    11
        3500    46    44   -18    12
        3500    45    44    -7    13
        3500    45    43    -7    14
        3500    45    42   -14    15
        3500    45    41    -9    16
        3500    45    40   -10    17
        3500    45    39   -18    18
        3500    45    38    -5    19
        3500    45    37    -5    20
        3500    45    36    -1    21
        3500    44    36    -4    22
        3500    44    35    -3    23
        3500    45    35   -18    24
        3500    45    34    -6    25
        3500    44    34   -16    26
        3500    43    34   -12    27
        3500    43    33    -9    28
        3500    43    32    -6    29
        3500    43    31    -1    30
        3500    43    30    -8    31
        3500    43    29    -8    32
        3500    43    28    -6    33
        3500    43    27   -10    34
        3500    42    27   -11    35
        3500    41    27   -18    36
        3500    40    27    -6    37
        3500    40    28    -6    38
        3500    40    29   -18    39
        3500    40    30   -18    40
        3500    40    31    -8    41
        3500    40    32    -1    42
        3600    48    47    -3     1
        3600    49    47    -1     2
        3600    49    48    -4     3
        3600    49    49    -5     4
        3600    48    49   -15     5
        3600    48    48    -7     6
        3600    47    48    -3     7
        3600    47    47   -16     8
        3600    47    46    -6     9
        3600    46    46   -20    10
        3600    46    45    -4    11
        3600    45    45   -18    12
        3600    45    44    -7    13
        3600    45    43    -7    14
        3600    45    42   -14    15
        3600    45    41    -9    16
        3600    45    40   -10    17
        3600    45    39   -18    18
        3600    45    38    -5    19
        3600    45    37    -5    20
        3600    45    36    -1    21
        3600    44    36    -4    22
        3600    44    35    -3    23
        3600    45    35   -18    24
        3600    45    34    -6    25
        3600    44    34   -16    26
        3600    44    33   -12    27
        3600    43    33    -9    28
        3600    43    32    -6    29
        3600    43    31    -1    30
        3600    43    30    -8    31
        3600    43    29    -8    32
        3600    43    28    -6    33
        3600    43    27   -10    34
        3600    42    27   -11    35
        3600    41    27   -18    36
        3600    40    27    -6    37
        3600    40    28    -6    38
        3600    40    29   -18    39
        3600    40    30   -18    40
        3600    40    31    -8    41
        3600    40    32    -1    42
        3700    48    47    -3     1
        3700    49    47    -1     2
        3700    49    48    -4     3
        3700    49    49    -5     4
        3700    48    49   -15     5
        3700    48    48    -7     6
        3700    47    48    -3     7
        3700    47    47   -16     8
        3700    46    47    -6     9
        3700    45    47   -20    10
        3700    45    46    -4    11
        3700    45    45   -18    12
        3700    45    44    -7    13
        3700    45    43    -7    14
        3700    45    42   -14    15
        3700    45    41    -9    16
        3700    45    40   -10    17
        3700    45    39   -18    18
        3700    45    38    -5    19
        3700    45    37    -5    20
        3700    45    36    -1    21
        3700    44    36    -4    22
        3700    44    35    -3    23
        3700    45    35   -18    24
        3700    45    34    -6    25
        3700    44    34   -16    26
        3700    44    33   -12    27
        3700    43    33    -9    28
        3700    43    32    -6    29
        3700    43    31    -1    30
        3700    43    30    -8    31
        3700    43    29    -8    32
        3700    43    28    -6    33
        3700    43    27   -10    34
        3700    42    27   -11    35
        3700    41    27   -18    36
        3700    40    27    -6    37
        3700    40    28    -6    38
        3700    40    29   -18    39
        3700    40    30   -18    40
        3700    40    31    -8    41
        3700    40    32    -1    42
        3800    48    47    -3     1
        3800    49    47    -1     2
        3800    49    48    -4     3
        3800    49    49    -5     4
        3800    48    49   -15     5
        3800    48    48    -7     6
        3800    47    48    -3     7
        3800    47    47   -16     8
        3800    47    46    -6     9
        3800    47    45   -20    10
        3800    46    45    -4    11
        3800    46    44   -18    12
        3800    45    44    -7    13
        3800    45    43    -7    14
        3800    45    42   -14    15
        3800    45    41    -9    16
        3800    45    40   -10    17
        3800    45    39   -18    18
        3800    45    38    -5    19
        3800    45    37    -5    20
        3800    45    36    -1    21
        3800    44    36    -4    22
        3800    44    35    -3    23
        3800    45    35   -18    24
        3800    45    34    -6    25
        3800    44    34   -16    26
        3800    43    34   -12    27
        3800    43    33    -9    28
        3800    43    32    -6    29
        3800    43    31    -1    30
        3800    43    30    -8    31
        3800    43    29    -8    32
        3800    43    28    -6    33
        3800    43    27   -10    34
        3800    42    27   -11    35
        3800    41    27   -18    36
        3800    40    27    -6    37
        3800    40    28    -6    38
        3800    40    29   -18    39
        3800    40    30   -18    40
        3800    40    31    -8    41
        3800    40    32    -1    42
